image: home_test1.pgm
resolution: 0.050000
origin: [-4.241400, -6.505986, 0.000000]
negate: 0
occupied_thresh: 0.65
free_thresh: 0.196

