image: tom_lab.pgm
resolution: 0.050000
origin: [-1.321819, -4.035391, 0.000000]
negate: 0
occupied_thresh: 0.65
free_thresh: 0.196

